[1,0,0]
-1,0,0,0|24d6da,,,,||beginning/beginning_2.tscn
[2,0,0]
0,0,-1,1|24d6da,,,,||beginning/beginning_2.tscn
[1,-7,0]
-1,-1,0,-1|4be021,,,,||
[1,-8,0]
-1,-1,0,-1|4be021,,,,||
[2,-8,0]
0,-1,-1,-1|4be021,,,,||
[1,-6,0]
-1,-1,0,-1|4be021,,,,||
[1,-5,0]
-1,1,0,-1|4be021,,,,||
[2,-5,0]
0,0,-1,-1|4be021,,,,||
[2,-6,0]
0,-1,-1,-1|4be021,,,,||
[2,-7,0]
0,-1,-1,-1|4be021,,,,||
[2,-4,0]
0,1,-1,0|245eda,,,,||
[0,0,0]
1,0,0,0|def6f8,,,,|1|beginning/beginning_1.tscn
[1,-4,0]
-1,0,0,1|245eda,,,,|2|
[2,-3,0]
0,1,0,1|ffffff,,,,||
[2,-2,0]
0,-1,0,1|24d6da,,,,||
[2,-1,0]
0,1,0,-1|24d6da,,,,||
[2,-10,0]
0,1,1,0|e7dbea,,,,||
[1,-9,0]
-1,-1,0,0|4be021,,,,||
[2,-9,0]
0,-1,-1,1|4be021,,,,||
[0,-10,0]
-1,1,0,0|4be021,,,,|2|
[1,-10,0]
1,0,-1,0|4be021,,,,||
[0,-8,0]
0,-1,0,-1|4be021,,,,||
[0,-9,0]
0,-1,0,1|4be021,,,,||
[0,-7,0]
0,-1,0,-1|4be021,,,,||
[0,-6,0]
0,1,0,-1|4be021,,,,||
[-1,-5,0]
-1,-1,1,0|4be021,,,,||
[-1,-4,0]
-1,-1,0,-1|4be021,,,,||
[-1,-3,0]
-1,-1,0,-1|4be021,,,,||
[-1,-2,0]
-1,-1,0,-1|4be021,,,,||
[0,-5,0]
0,-1,-1,1|4be021,,,,||
[0,-4,0]
0,-1,-1,-1|4be021,,,,||
[0,-3,0]
0,-1,-1,-1|4be021,,,,||
[0,-2,0]
0,-1,-1,-1|4be021,,,,||
[0,-1,0]
0,0,-1,-1|4be021,,,,||
[-1,-1,0]
-1,0,0,-1|4be021,,,,||
[-2,-5,0]
1,0,-1,0|4be021,,,,||
[-3,-5,0]
-1,1,0,0|4be021,,,,||
[-1,0,0]
0,0,-1,0|e4b015,,,,||
[-2,0,0]
-1,0,-1,0|e4b015,,,,||
[-3,0,0]
-1,0,0,1|e4b015,,,,||
[-3,-4,0]
-1,-1,0,1|e4b015,,,,||
[-3,-3,0]
-1,-1,0,-1|e4b015,,,,||
[-3,-2,0]
-1,1,0,-1|e4b015,,,,||
[-2,-4,0]
0,-1,-1,0|e4b015,,,,||
[-2,-3,0]
0,-1,-1,-1|e4b015,,,,||
[-2,-2,0]
0,0,-1,-1|e4b015,,,,||
[-2,-1,0]
0,0,0,0|ffffff,,,,||
[-3,-1,0]
0,1,-1,1|e4b015,,,,||
[-4,-1,0]
-1,0,0,1|e4b015,,,,|2|
[-5,-3,0]
-1,-1,0,0|e04a21,,,,||
[-5,-2,0]
-1,0,0,-1|e04a21,,,,||
[-4,-3,0]
0,-1,-1,1|e04a21,,,,||
[-4,-2,0]
0,1,-1,-1|e04a21,,,,||
[-4,-4,0]
0,1,-1,-1|e04521,,,,||
[-4,-5,0]
0,-1,-1,1|e04521,,,,||
[-5,-5,0]
-1,-1,0,0|e04521,,,,||
[-5,-4,0]
-1,0,0,-1|e04521,,,,||
[-3,-7,0]
-1,-1,1,0|8b15e4,,,,|2|
[-3,-6,0]
-1,0,0,-1|8b15e4,,,,||
[-2,-7,0]
0,-1,-1,0|8b15e4,,,,||
[-2,-6,0]
0,0,-1,-1|8b15e4,,,,||
[-5,-6,0]
-1,0,0,0|e04521,,,,|2|
[-4,-6,0]
0,1,-1,1|e04521,,,,||
[-4,-7,0]
1,1,0,0|ffffff,,,,||
