2,-2,0//2x1
7,-2,0//4x1
4,-4,0//3x3
0,-3,0//2x2
11,-2,0//2x1
13,-5,0//4x4
[0,0,0]
0,0,0,0|def6f8,,,,|1|
[1,-1,0]
-1,-1,0,0|14d6e4,,,,||
[1,0,0]
-1,0,0,-1|14d6e4,,,,||
[2,-1,0]
-1,-1,-1,0|14d6e4,,,,||
[2,0,0]
-1,0,-1,-1|14d6e4,,,,||
[3,-1,0]
0,-1,-1,0|14d6e4,,,,||
[3,0,0]
0,0,-1,-1|14d6e4,,,,||
[4,-2,0]
-1,-1,0,0|14d6e4,,,,||
[4,-1,0]
-1,-1,0,-1|14d6e4,,,,||
[4,0,0]
-1,0,0,-1|14d6e4,,,,||
[5,-2,0]
0,-1,-1,0|14d6e4,,,,||
[5,-1,0]
0,-1,-1,-1|14d6e4,,,,||
[5,0,0]
0,0,-1,-1|14d6e4,,,,||
[5,-3,0]
0,0,0,0|e7dbea,,,,||
[4,-3,0]
0,0,0,0|3814e4,,,,|2|
[4,-8,0]
0,-1,0,0|14e444,,,,||
[4,-7,0]
0,-1,0,-1|14e444,,,,||
[4,-6,0]
0,-1,0,-1|14e444,,,,||
[4,-5,0]
0,-1,0,-1|14e444,,,,||
[4,-4,0]
0,0,0,-1|14e444,,,,||
[4,-9,0]
0,0,0,0|e7dbea,,,,||
[3,-9,0]
0,0,0,0|14e444,,,,|2|
[3,-8,0]
0,-1,0,0|14e444,,,,||
[3,-7,0]
0,-1,0,-1|14e444,,,,||
[3,-6,0]
0,0,0,-1|14e444,,,,||
[1,-5,0]
-1,0,0,0|14e444,,,,||
[2,-5,0]
-1,0,-1,0|14e444,,,,||
[3,-5,0]
0,0,-1,0|14e444,,,,||
[1,-8,0]
0,-1,0,0|14e444,,,,||
[1,-7,0]
0,-1,0,-1|14e444,,,,||
[1,-6,0]
0,0,0,-1|14e444,,,,||
[-1,-9,0]
-1,0,0,0|14e444,,,,||
[0,-9,0]
-1,0,-1,0|14e444,,,,||
[1,-9,0]
0,0,-1,0|14e444,,,,||
[-1,-8,0]
0,-1,0,0|14e444,,,,||
[-1,-7,0]
0,-1,0,-1|14e444,,,,||
[-1,-6,0]
0,0,0,-1|14e444,,,,||
[-1,-5,0]
0,0,0,0|e7dbea,,,,||
[-1,-4,0]
-1,-1,0,0|e7391d,,,,||
[-1,-3,0]
-1,-1,0,-1|e7391d,,,,||
[-1,-2,0]
-1,0,0,-1|e7391d,,,,||
[0,-4,0]
0,-1,-1,0|e7391d,,,,||
[0,-3,0]
0,-1,-1,-1|e7391d,,,,||
[0,-2,0]
0,0,-1,-1|e7391d,,,,||
[-2,-1,0]
-1,0,0,0|e7a21d,,,,||
[-1,-1,0]
-1,0,-1,0|e7a21d,,,,||
[0,-1,0]
0,0,-1,0|e7a21d,,,,||
[-2,0,0]
-1,-1,0,0|e7a21d,,,,||
[-2,1,0]
-1,0,0,-1|e7a21d,,,,||
[-1,0,0]
0,-1,-1,0|e7a21d,,,,||
[-1,1,0]
0,0,-1,-1|e7a21d,,,,||
[0,1,0]
0,0,0,0|e7a21d,,,,|2|
[-3,-3,0]
-1,-1,0,0|e7391d,,,,||
[-3,-2,0]
-1,0,0,-1|e7391d,,,,||
[-2,-3,0]
0,-1,-1,0|e7391d,,,,||
[-2,-2,0]
0,0,-1,-1|e7391d,,,,||
[-3,-1,0]
0,0,0,0|e7391d,,,,|2|
[-4,-1,0]
0,0,0,0|c01de7,,,,|2|
